65
73
79
97
198
548
889
936
1125
2099
2115
2125
2130
2131
2147
2167
2219
2301
2312
2333
2333
2341
2346
2347
2365
2373
2379
2445
2497
2508
2519
2529
2531
2551
2551
2553
2559
2683
2684
2715
2719
2766
2798
3116
3117
3122
3123
3139
3159
3211
3304
3325
3357
3365
3370
3371
3476
3480
3500
3521
3543
3545
3551
3555
3676
3707
3739
3742
3790
4215
4221
4249
4744
4744
5368
6032
6629
7205
7938
8030
8053
8053
9821
10260
10971
11039
11420
14949
15885
15902
16367
16437
16562
17840
18601
18692
19693
19785
19811
19834
20034
20080
20096
20162
20251
20565
20727
21190
21378
22008
22026
22106
22752
23623
23623
23701
24048
26394
26547
26857
26858
26864
27441
27761
27911
28951
29401
29618
29691
29728
29815
29880
30383
30803
32257
33684
34358
34437
34642
34661
34752
34855
35166
35590
35632
35882
36106
36923
37479
39285
39319
44539
44602
45594
45973
45997
46077
46151
46152
46183
46228
46839
47725
47786
48009
48845
49847
50427
50547
50768
51105
51211
51747
52040
52178
52609
56884
58608
59093
59419
59451
59519
59520
59564
59652
59762
60408
60962
61084
61598
61826
63508
63644
63925
64013
64075
64897
64951
64972
65076
65380
65413
65636
65689
65921
65975
65996
66128
66145
66480
66547
66907
67126
67169
67377
67510
68074
68650
68795
69301
69458
69515
69617
69801
69819
70357
70561
70656
70825
71275
71413
71532
71538
71646
72314
72437
72562
72701
72752
72840
73557
73864
75943
75949
75996
75996
76005
76094
76174
76256
76283
77104
77125
77212
77491
77826
78114
78208
78293
78406
78518
78544
78638
79183
79240
79259
79267
79273
79395
79430
79660
79683
79688
79716
80238
80813
81009
82003
82064
82110
82539
82584
82947
82995
83025
83083
83088
83227
83401
83500
83665
83668
83755
84049
84327
84524
84976
85351
85534
85705
86381
86415
86729
86836
86897
86907
86942
88063
88094
88312
88776
89008
89070
89087
89273
89317
89462
89510
89561
90114
90607
91626
91771
91895
92198
93096
93483
93483
93705
94400
94704
94984
95216
95216
96402
96511
96521
96586
96616
96673
96727
96748
96852
96860
96889
96914
97253
97285
97412
97493
97549
97620
97739
97921
98039
98256
98256
98262
98383
98690
98706
98794
98878
98882
99092
99228
99455
99458
99644
99671
99740
99755
100182
100184
100300
100571
100597
100639
100742
100913
101002
101139
101143
101254
101272
101274
101278
101342
101397
101491
101526
101577
101759
101763
102111
102230
102273
102503
102540
103051
103066
103189
103264
103299
103308
103314
103315
103501
103504
103558
103923
104377
104616
104987
105269
105272
105748
105785
105810
106079
106136
106142
106182
106907
106914
106916
107019
107035
107044
107144
107159
107261
107345
107348
107507
107856
107856
107866
107877
107996
108276
108618
108650
108777
108960
109026
109260
109261
109265
109267
109270
109279
109871
109935
110119
110182
110412
110414
110470
110758
110760
110833
110988
111173
111185
111335
111375
112246
112671
112837
113114
113281
113291
113349
113622
113638
113641
113643
113743
113747
113762
113840
113884
113886
113890
113953
114603
114704
114717
114801
114832
115028
115029
115131
115239
115276
115460
115571
116103
116152
116249
116336
116846
117469
117481
117487
117588
117606
117694
117704
117746
117891
118144
118387
118613
118815
119526
119526
119528
119839
120091
121291
121749
121821
121917
122201
122201
122321
122409
122877
123901
123906
125424
125521
125525
125785
125996
126392
126501
128409
128432
130207
130500
131098
131851
131994
132045
134922
135060
135075
135259
135346
135571
135664
136252
136594
137472
137503
137795
137795
138251
138356
138855
138973
138980
138981
138983
139190
139198
139597
140436
140440
140681
141395
142209
142940
143027
143088
143089
143247
143247
143337
143384
143479
143977
144555
145150
145331
145584
145711
145826
146280
146391
147046
147061
148127
148506
148702
148854
148901
148985
148987
149085
149880
150666
151210
151459
151629
151645
151771
151774
151777
151963
152657
153307
153317
153346
153663
153867
154039
154566
155039
155302
155314
155944
155979
157097
157810
159206
159471
159657
159791
159806
159828
159872
159947
160009
160822
162260
163179
164331
164470
164597
165161
165440
165846
166249
166692
167528
167659
167835
168447
168583
168981
169476
169481
169873
169919
170095
170943
170980
171288
171679
172212
172442
173011
173128
173392
173559
173869
174761
174862
174969
175359
175960
176849
177617
178093
178381
178646
178676
178894
179168
179201
180355
180698
180978
181268
181270
181299
181383
181578
181644
181666
182079
183152
183350
183613
185008
185352
185762
186963
187545
188043
188500
188616
188999
189275
189389
189399
189920
190028
190688
191498
191541
191945
191993
193009
193068
193365
193536
193745
193751
193884
193976
194648
194841
194922
194928
194982
194982
195106
195115
195169
195231
196029
196604
197478
197610
197619
197635
198405
198423
198423
198435
198437
198734
198764
198776
198951
198965
199271
199702
199959
200328
201257
201817
202361
202457
202686
202840
202984
202997
203201
203240
203921
203926
203962
204492
206091
206622
207206
207385
207774
208010
208010
208374
208406
208499
208667
208957
209270
210146
210498
210959
211206
211809
212120
213210
214205
214342
216407
217083
217172
217205
217372
217879
218085
218190
218986
219228
219541
219884
220326
220736
221456
224042
224850
225906
226450
226571
226691
227196
227374
228040
228172
228688
228703
228885
230343
230537
231663
233284
233484
233863
234085
234125
235131
235264
235264
235429
235491
236194
236641
236943
237119
237463
238610
239019
240525
240719
240864
241040
241290
241393
241798
241813
244248
244521
244982
245441
245642
246247
246736
247144
249196
249406
249716
249927
250045
250059
250348
250493
250583
250615
251325
252129
252235
253277
254513
254757
254858
255518
255908
256882
258062
258766
259085
259166
261308
262048
262111
262149
262734
262933
263606
264033
265877
266565
267048
267134
267288
267507
267643
267702
267873
267888
268625
268758
269050
269538
269888
270481
271403
271543
272862
273929
273955
275191
277084
277550
277630
278077
278314
279649
279777
280450
285762
286063
286213
286586
287436
287709
287932
288277
289432
290322
291304
291505
291709
291989
292043
292213
292601
292793
293089
293108
293130
293189
293437
294186
294444
295911
296570
296588
296826
296898
297177
298038
300293
300315
300447
301027
301421
301836
303105
303370
303992
304064
305091
305339
305530
305934
306403
306835
306961
308051
308159
308950
309891
310352
311038
311750
311813
313313
313571
313857
313991
313997
314034
314146
314317
314333
314440
314539
314757
314903
316463
316680
317495
317599
317758
317788
317877
318160
318161
318230
318447
318463
318592
318670
318681
318715
318785
319104
319153
320170
320476
320646
320772
321204
321285
321346
321572
321587
321721
321742
321835
321941
322005
322065
322083
322391
322855
323104
323371
324510
325563
325909
326800
327066
327097
327603
327638
327756
327771
327817
327945
330118
330451
330519
330788
330792
331382
331910
332556
332832
332956
333368
334022
335965
336707
336925
338652
338737
339156
339174
339484
339523
339783
340133
341598
342319
343099
343491
343628
343792
343845
343958
344014
344068
344097
344185
344960
345162
345971
346025
346404
346785
347388
347518
347550
347714
348281
348401
349034
349189
349907
350092
350179
350422
350508
350718
351285
351564
351570
351625
351626
351761
351795
352207
352586
352885
353452
353838
354034
354144
354303
355831
356264
356562
356649
356704
357243
357516
357562
357640
358484
360745
361008
362104
362820
362928
363328
363441
364156
364265
364479
365044
365269
365369
365990
366479
366509
366980
367063
367154
367264
367731
368433
368490
368946
368956
369690
370983
372431
372891
373698
374294
374296
374436
374925
375259
375274
375700
376266
376333
376400
377183
377185
377238
377415
377898
378093
378243
378871
379566
379912
380002
380372
380680
381076
381261
381417
381911
382867
383837
384292
385424
386018
386322
386351
386399
386426
386727
387183
387218
387338
388004
388413
388966
389821
390237
390308
390649
390732
390773
390816
390888
391089
391788
392098
392295
393945
394317
394521
395534
396388
397861
398114
398306
398316
398331
399152
399436
399487
399525
399533
399642
399704
399715
401062
401487
401517
401526
402169
402670
402969
403002
403494
403748
404064
404192
404192
404253
404950
405018
405071
405202
405278
405434
405731
406672
406689
406710
407282
407310
407714
408088
408536
408780
408925
409136
409830
409880
410031
410885
411629
412699
412769
413071
413173
413319
414288
414690
414891
414983
415579
415672
415748
415971
416355
416378
416446
417478
417482
417665
418225
418524
418873
418885
418923
419515
419831
421992
422234
422272
422872
423435
424097
424382
424589
424653
424676
425144
425531
425572
425990
426418
426430
426611
427415
427932
427979
427982
428046
428192
428269
428315
428413
428468
428628
428852
429229
429386
430539
430824
431157
431233
431458
431490
431989
432415
432673
432717
432976
433094
433155
433169
433249
433302
433402
433450
433480
433481
433604
433940
434127
434157
434331
434638
434966
435831
436603
436694
437026
437032
437793
437953
437967
438060
438317
439745
439975
440141
440796
441005
441166
441205
441412
441523
442255
442487
442688
442912
443250
443473
443488
443499
443508
443935
444424
445457
446279
446538
446575
446692
446803
446809
446981
446995
447097
447474
448089
448121
448947
449045
449088
449119
449603
449607
449828
449917
450301
451496
452689
452895
453131
454468
455435
455778
456470
457572
457998
458130
458494
458561
460549
460931
460994
461056
461579
462363
462662
463345
463478
463700
464828
466380
467249
467622
467662
468114
468774
468791
468866
468911
469228
469557
470044
471143
471520
472151
472554
472620
472640
472726
472785
472997
474070
474108
474984
475022
475044
475246
475540
475633
476476
476833
477168
478389
478754
479056
479118
479136
479249
479373
480066
480990
481308
481514
482404
482618
482849
483542
483941
484089
484527
484563
484942
484960
485120
485578
487921
488406
489308
489991
490793
491579
491609
492055
492090
492552
493077
493079
493093
493449
493494
493500
494104
494190
494475
495956
496333
496341
496351
496907
497524
497571
497663
498341
499399
499774
500077
500243
500535
500564
500577
500736
500932
501757
501978
502299
503357
503524
505087
505245
505784
506379
506386
506479
506502
507077
507678
508252
508519
509465
509706
509708
510725
510807
510895
511248
511363
511448
512051
512271
512654
512976
513285
514057
514699
515111
515631
515959
518120
518549
518930
520002
522320
522436
522528
522637
522653
522656
522683
522686
522878
522886
522932
523029
523039
523137
523552
523796
523877
523944
524084
524105
524491
524770
525001
525400
525763
525790
525850
525980
526126
526257
526258
526473
526527
526543
526683
526696
526749
527483
528193
528292
529460
529526
529541
529643
530062
530097
530164
530374
530378
530558
530572
530621
530744
531791
531843
531975
532229
533578
533588
533621
533799
534071
535322
535596
535780
535851
535905
536107
536140
536178
536271
536277
536366
536484
536680
537443
540089
540243
540560
540942
540985
541219
541442
541566
541636
541764
542028
543431
543679
543863
543917
544048
544178
544519
544838
545038
545108
546380
546493
546513
546650
547490
547661
548420
548480
548696
548944
549051
549110
549825
550220
550302
550517
551022
552176
552327
552382
552413
552419
553981
554268
554431
555022
555133
555331
556264
556481
557570
558808
558814
558931
558932
558943
559061
559850
559853
559873
559883
560108
560132
560183
560592
560722
561896
562623
562878
562990
563005
563371
563510
564139
564616
564794
565467
565664
565866
565929
565966
566005
566098
566213
566213
566284
566393
566469
568533
568858
569219
569328
570220
570398
571014
571466
571828
573290
573552
573723
573729
573858
573976
574587
575924
576263
576873
577065
577499
577737
578178
578402
579059
579360
579599
580881
580888
582007
582798
582869
583057
584705
584720
585434
585905
587416
587676
587950
587990
588540
588590
588660
590499
590627
592012
593007
593141
593429
593784
594022
594058
594147
594459
595049
596316
596721
597154
598628
598816
599073
599104
599284
599298
599323
599756
599791
600037
600411
600840
602697
602955
604225
604885
604908
604982
605505
605623
605634
605752
605895
606146
606419
606823
606901
607005
607015
607441
607765
608262
609456
610602
611193
611209
611267
611963
612024
613254
613673
613730
613788
613998
615094
615270
615286
615384
615440
615519
615770
616018
616045
616153
616390
616836
617741
618088
618519
618532
618727
618845
618906
619132
619522
619668
619705
620276
620354
620707
620991
621018
621599
622256
622973
623240
623787
623992
624093
624587
624598
624654
625355
625697
625789
626741
626798
627336
628300
628416
628894
628953
629011
629013
629279
629379
629909
630104
630124
630699
630744
630914
630960
632876
633276
633960
635213
635845
636116
636650
636898
637094
637845
638151
639302
640002
640081
640208
641355
641472
641645
641697
641792
641863
641923
642006
642203
642538
642983
643654
644643
644945
645295
645419
645637
645707
645769
645782
645816
645820
646031
646853
647175
647739
648047
648187
648305
648614
649226
649304
649402
649473
649481
649542
649691
649694
649725
650465
651269
651402
651589
652675
653269
653905
654747
655209
655332
655425
655426
655432
655544
655952
657346
657771
657951
658618
659037
659154
659280
659692
659773
662319
662320
662736
662866
663102
663202
663751
663915
664311
664396
664501
664640
665720
666879
668778
669082
670194
670214
670347
670532
670972
671044
672213
672469
672533
673113
673113
673685
674338
674891
675807
675874
676090
676401
676544
677010
677312
678925
678974
679344
679414
680821
681087
681281
681954
682682
682771
682951
683203
684769
685152
685267
685471
687656
687765
688493
689052
690043
690368
691334
691806
692108
692254
692362
692362
693435
694610
694878
694996
695188
695653
696125
696165
696172
696172
696416
697221
697463
698253
698368
698372
698914
699328
701087
701632
701856
702349
703072
703605
703818
704767
704884
705222
705223
706419
707267
707327
707370
707674
708103
708399
708657
708951
710913
712284
712532
712566
714812
715114
715529
716659
717026
717841
718227
718237
718752
719834
720988
721409
721848
722623
723134
723352
723568
723784
725107
725554
726577
726732
727106
727301
729358
729577
729678
730029
730249
730529
731021
731131
731185
731495
731949
732592
733386
733537
733990
734664
734693
735069
735165
735530
736193
736197
737089
737397
737594
737594
738025
738594
738796
739067
739869
739963
740158
740434
740434
740472
740811
741923
742138
742306
742537
742746
743431
745603
745619
745681
745903
745907
746316
746397
746453
747555
747849
748195
748376
749027
749326
750107
750321
751348
753594
754086
754396
755572
755631
756062
756079
757016
757071
757211
757258
757427
759936
760828
761479
761670
761891
762520
762632
763034
763067
763495
763646
764159
764381
764702
764705
764929
765198
765236
766535
767403
768281
768764
768936
769113
769114
769822
770464
770536
770556
770564
770568
770670
770733
770750
771642
772687
773243
773411
774149
774207
774484
774515
775406
776045
776497
776587
776823
776974
777310
777536
777821
778128
778273
779133
779668
780129
780699
781976
782002
783259
783679
784125
784774
784842
786265
788094
788705
789133
789195
789399
790951
791169
791809
792239
792805
793125
793207
793639
794497
794919
797361
797565
798780
799040
799218
799968
800775
800865
803193
803955
804357
805391
806722
806874
807031
807822
808443
809812
811001
811062
811367
812781
813068
814584
815010
815683
816246
816271
816364
816448
817056
817056
817293
817294
817376
817577
817710
817724
817948
817955
818420
818904
819084
819096
819243
819405
819575
821109
822513
823220
823976
824053
824944
825010
826174
826240
826550
827088
827094
827289
828762
828772
828786
829421
830559
830694
830952
831365
831502
831632
831726
831996
832224
832264
832677
832682
834444
834638
838132
838726
839090
840271
840984
841219
841219
841418
841786
842233
843093
843585
843695
844043
844869
845411
845532
845596
845714
845751
845829
846425
846590
846907
846943
847149
847809
848166
848187
848247
848351
849040
849077
849101
849138
849324
849384
850119
850381
850951
850983
851094
851185
852125
852396
852411
852532
852576
852580
852653
852898
853628
853713
853826
854045
854509
856605
857673
859327
860448
860452
860460
860706
860899
861790
862407
862463
862946
863168
863943
864204
865364
865417
865833
866469
867539
867972
868335
868359
868483
869116
869291
869932
870013
870482
870784
870825
871321
871599
871769
871849
871867
872245
873241
873357
873490
873651
874503
876968
877275
877333
877735
878251
878292
881789
882083
882187
883344
883432
884103
885129
885648
886261
887544
887559
888432
888693
888911
888946
888972
889156
889588
889958
890124
890312
890833
891387
892392
893858
894012
894146
895549
895610
895759
896539
896598
897066
897811
897973
898569
900123
901012
902324
902602
903039
903111
903243
903353
903553
904533
904676
904734
905030
906037
906144
907998
908871
908873
909057
910086
910448
910607
910633
910774
910851
911621
911876
912753
913215
913845
914099
914343
914439
915199
915679
918757
918827
920265
920536
921357
921498
921962
922034
922054
922644
922878
923906
924044
924227
924775
924851
925120
925258
925340
926684
927173
927314
927527
927669
928063
928183
928211
928431
928464
928484
928607
928622
928787
929170
929190
929193
929502
930131
930638
930648
932116
933552
933844
933863
933912
934639
934695
934730
934900
934931
934941
934996
936236
936245
936245
936313
936925
937298
938664
938920
940606
940638
943405
944397
944901
945483
946062
946655
947180
947251
947701
947846
948226
949098
950116
950359
951344
951616
951724
951996
952155
953260
953299
953547
954138
954841
954876
956200
956246
956787
957113
957454
958512
958619
960406
960499
960909
961238
961752
962534
963218
963797
963888
966204
966640
967522
967579
967583
968320
968347
968450
968830
969063
969332
969370
969722
969816
970395
971369
971660
971686
971686
972071
972394
972733
973021
973781
974075
974178
974250
974557
974721
975919
977159
978980
979270
979281
979858
979931
980173
980244
980617
981548
981690
981700
982100
982382
982451
983176
983528
984088
984103
984591
984646
984661
984879
985742
986610
986654
986804
986927
987336
987796
988534
991040
991150
991917
992551
993852
994017
994238
994281
994785
994898
995910
996452
996475
996578
996631
997185
997850
997929
997979
998370
998483
999420
999580
999701
999934
